    par0[3][1] = 0.000665497;
    par0[4][1] = 0.740754;
    par0[5][1] = 0.173375;
    par0[6][1] = 0.0464181;
    par0[7][1] = 0.0203793;
    par0[8][1] = 0.0112839;
    par0[9][1] = 0.00712438;

    tpar2[3] = 0.00129145;
    tpar2[4] = 0.0136219;
    tpar2[5] = -0.0121246;
    tpar2[6] = -0.00187305;
    tpar2[7] = -0.000561543;
    tpar2[8] = -0.000235044;
    tpar2[9] = -0.000119167;
